000 100 (2160,3840,3)
001 100 (2160,3840,3)
002 100 (2160,3840,3)
003 100 (2160,3840,3)
004 100 (2160,3840,3)
005 100 (2160,3840,3)
006 100 (2160,3840,3)
007 100 (2160,3840,3)
008 100 (2160,3840,3)
009 100 (2160,3840,3)
010 100 (2160,3840,3)
011 100 (2160,3840,3)
012 100 (2160,3840,3)
013 100 (2160,3840,3)
014 100 (2160,3840,3)
015 100 (2160,3840,3)
016 100 (2160,3840,3)
017 100 (2160,3840,3)
018 100 (2160,3840,3)
019 100 (2160,3840,3)
020 100 (2160,3840,3)
021 100 (2160,3840,3)
022 100 (2160,3840,3)
023 100 (2160,3840,3)
024 100 (2160,3840,3)
025 100 (2160,3840,3)
026 100 (2160,3840,3)
027 100 (2160,3840,3)
028 100 (2160,3840,3)
029 100 (2160,3840,3)
030 100 (2160,3840,3)
031 100 (2160,3840,3)
032 100 (2160,3840,3)
033 100 (2160,3840,3)
034 100 (2160,3840,3)
035 100 (2160,3840,3)
036 100 (2160,3840,3)
037 100 (2160,3840,3)
038 100 (2160,3840,3)
039 100 (2160,3840,3)
040 100 (2160,3840,3)
041 100 (2160,3840,3)
042 100 (2160,3840,3)
043 100 (2160,3840,3)
044 100 (2160,3840,3)
045 100 (2160,3840,3)
046 100 (2160,3840,3)
047 100 (2160,3840,3)
048 100 (2160,3840,3)
049 100 (2160,3840,3)
050 100 (2160,3840,3)
051 100 (2160,3840,3)
052 100 (2160,3840,3)
053 100 (2160,3840,3)
054 100 (2160,3840,3)
055 100 (2160,3840,3)
056 100 (2160,3840,3)
057 100 (2160,3840,3)
058 100 (2160,3840,3)
059 100 (2160,3840,3)
060 100 (2160,3840,3)
061 100 (2160,3840,3)
062 100 (2160,3840,3)
063 100 (2160,3840,3)
064 100 (2160,3840,3)
065 100 (2160,3840,3)
066 100 (2160,3840,3)
067 100 (2160,3840,3)
068 100 (2160,3840,3)
069 100 (2160,3840,3)
070 100 (2160,3840,3)
071 100 (2160,3840,3)
072 100 (2160,3840,3)
073 100 (2160,3840,3)
074 100 (2160,3840,3)
075 100 (2160,3840,3)
076 100 (2160,3840,3)
077 100 (2160,3840,3)
078 100 (2160,3840,3)
079 100 (2160,3840,3)
080 100 (2160,3840,3)
081 100 (2160,3840,3)
082 100 (2160,3840,3)
083 100 (2160,3840,3)
084 100 (2160,3840,3)
085 100 (2160,3840,3)
086 100 (2160,3840,3)
087 100 (2160,3840,3)
088 100 (2160,3840,3)
089 100 (2160,3840,3)
090 100 (2160,3840,3)
091 100 (2160,3840,3)
092 100 (2160,3840,3)
093 100 (2160,3840,3)
094 100 (2160,3840,3)
095 100 (2160,3840,3)
096 100 (2160,3840,3)
097 100 (2160,3840,3)
098 100 (2160,3840,3)
099 100 (2160,3840,3)
100 100 (2160,3840,3)
101 100 (2160,3840,3)
102 100 (2160,3840,3)
103 100 (2160,3840,3)
104 100 (2160,3840,3)
105 100 (2160,3840,3)
106 100 (2160,3840,3)
107 100 (2160,3840,3)
108 100 (2160,3840,3)
109 100 (2160,3840,3)
110 100 (2160,3840,3)
111 100 (2160,3840,3)
112 100 (2160,3840,3)
113 100 (2160,3840,3)
114 100 (2160,3840,3)
115 100 (2160,3840,3)
116 100 (2160,3840,3)
117 100 (2160,3840,3)
118 100 (2160,3840,3)
119 100 (2160,3840,3)
120 100 (2160,3840,3)
121 100 (2160,3840,3)
122 100 (2160,3840,3)
123 100 (2160,3840,3)
124 100 (2160,3840,3)
125 100 (2160,3840,3)
126 100 (2160,3840,3)
127 100 (2160,3840,3)
128 100 (2160,3840,3)
129 100 (2160,3840,3)
130 100 (2160,3840,3)
131 100 (2160,3840,3)
132 100 (2160,3840,3)
133 100 (2160,3840,3)
134 100 (2160,3840,3)
135 100 (2160,3840,3)
136 100 (2160,3840,3)
137 100 (2160,3840,3)
138 100 (2160,3840,3)
139 100 (2160,3840,3)
140 100 (2160,3840,3)
141 100 (2160,3840,3)
142 100 (2160,3840,3)
143 100 (2160,3840,3)
144 100 (2160,3840,3)
145 100 (2160,3840,3)
146 100 (2160,3840,3)
147 100 (2160,3840,3)
148 100 (2160,3840,3)
149 100 (2160,3840,3)
150 100 (2160,3840,3)
151 100 (2160,3840,3)
152 100 (2160,3840,3)
153 100 (2160,3840,3)
154 100 (2160,3840,3)
155 100 (2160,3840,3)
156 100 (2160,3840,3)
157 100 (2160,3840,3)
158 100 (2160,3840,3)
159 100 (2160,3840,3)
160 100 (2160,3840,3)
161 100 (2160,3840,3)
162 100 (2160,3840,3)
163 100 (2160,3840,3)
164 100 (2160,3840,3)
165 100 (2160,3840,3)
166 100 (2160,3840,3)
167 100 (2160,3840,3)
168 100 (2160,3840,3)
169 100 (2160,3840,3)
170 100 (2160,3840,3)
171 100 (2160,3840,3)
172 100 (2160,3840,3)
173 100 (2160,3840,3)
174 100 (2160,3840,3)
175 100 (2160,3840,3)
176 100 (2160,3840,3)
177 100 (2160,3840,3)
178 100 (2160,3840,3)
179 100 (2160,3840,3)
180 100 (2160,3840,3)
181 100 (2160,3840,3)
182 100 (2160,3840,3)
183 100 (2160,3840,3)
184 100 (2160,3840,3)
185 100 (2160,3840,3)
186 100 (2160,3840,3)
187 100 (2160,3840,3)
188 100 (2160,3840,3)
189 100 (2160,3840,3)
190 100 (2160,3840,3)
191 100 (2160,3840,3)
192 100 (2160,3840,3)
193 100 (2160,3840,3)
194 100 (2160,3840,3)
195 100 (2160,3840,3)
196 100 (2160,3840,3)
197 100 (2160,3840,3)
198 100 (2160,3840,3)
199 100 (2160,3840,3)
200 100 (2160,3840,3)
201 100 (2160,3840,3)
202 100 (2160,3840,3)
203 100 (2160,3840,3)
204 100 (2160,3840,3)
205 100 (2160,3840,3)
206 100 (2160,3840,3)
207 100 (2160,3840,3)
208 100 (2160,3840,3)
209 100 (2160,3840,3)
210 100 (2160,3840,3)
211 100 (2160,3840,3)
212 100 (2160,3840,3)
213 100 (2160,3840,3)
214 100 (2160,3840,3)
215 100 (2160,3840,3)
216 100 (2160,3840,3)
217 100 (2160,3840,3)
218 100 (2160,3840,3)
219 100 (2160,3840,3)
220 100 (2160,3840,3)
221 100 (2160,3840,3)
222 100 (2160,3840,3)
223 100 (2160,3840,3)
224 100 (2160,3840,3)
225 100 (2160,3840,3)
226 100 (2160,3840,3)
227 100 (2160,3840,3)
228 100 (2160,3840,3)
229 100 (2160,3840,3)
230 100 (2160,3840,3)
231 100 (2160,3840,3)
232 100 (2160,3840,3)
233 100 (2160,3840,3)
234 100 (2160,3840,3)
235 100 (2160,3840,3)
236 100 (2160,3840,3)
237 100 (2160,3840,3)
238 100 (2160,3840,3)
239 100 (2160,3840,3)
240 100 (2160,3840,3)
241 100 (2160,3840,3)
242 100 (2160,3840,3)
243 100 (2160,3840,3)
244 100 (2160,3840,3)
245 100 (2160,3840,3)
246 100 (2160,3840,3)
247 100 (2160,3840,3)
248 100 (2160,3840,3)
249 100 (2160,3840,3)
250 100 (2160,3840,3)
251 100 (2160,3840,3)
252 100 (2160,3840,3)
253 100 (2160,3840,3)
254 100 (2160,3840,3)
255 100 (2160,3840,3)
256 100 (2160,3840,3)
257 100 (2160,3840,3)
258 100 (2160,3840,3)
259 100 (2160,3840,3)
260 100 (2160,3840,3)
261 100 (2160,3840,3)
262 100 (2160,3840,3)
263 100 (2160,3840,3)
264 100 (2160,3840,3)
265 100 (2160,3840,3)
266 100 (2160,3840,3)
267 100 (2160,3840,3)
268 100 (2160,3840,3)
269 100 (2160,3840,3)
270 100 (2160,3840,3)
271 100 (2160,3840,3)
272 100 (2160,3840,3)
273 100 (2160,3840,3)
274 100 (2160,3840,3)
275 100 (2160,3840,3)
276 100 (2160,3840,3)
277 100 (2160,3840,3)
278 100 (2160,3840,3)
279 100 (2160,3840,3)
280 100 (2160,3840,3)
281 100 (2160,3840,3)
282 100 (2160,3840,3)
283 100 (2160,3840,3)
284 100 (2160,3840,3)
285 100 (2160,3840,3)
286 100 (2160,3840,3)
287 100 (2160,3840,3)
288 100 (2160,3840,3)
289 100 (2160,3840,3)
290 100 (2160,3840,3)
291 100 (2160,3840,3)
292 100 (2160,3840,3)
293 100 (2160,3840,3)
294 100 (2160,3840,3)
295 100 (2160,3840,3)
296 100 (2160,3840,3)
297 100 (2160,3840,3)
298 100 (2160,3840,3)
299 100 (2160,3840,3)
300 100 (2160,3840,3)
301 100 (2160,3840,3)
302 100 (2160,3840,3)
303 100 (2160,3840,3)
304 100 (2160,3840,3)
305 100 (2160,3840,3)
306 100 (2160,3840,3)
307 100 (2160,3840,3)
308 100 (2160,3840,3)
309 100 (2160,3840,3)
310 100 (2160,3840,3)
311 100 (2160,3840,3)
312 100 (2160,3840,3)
313 100 (2160,3840,3)
314 100 (2160,3840,3)
315 100 (2160,3840,3)
316 100 (2160,3840,3)
317 100 (2160,3840,3)
318 100 (2160,3840,3)
319 100 (2160,3840,3)
320 100 (2160,3840,3)
321 100 (2160,3840,3)
322 100 (2160,3840,3)
323 100 (2160,3840,3)
324 100 (2160,3840,3)
325 100 (2160,3840,3)
326 100 (2160,3840,3)
327 100 (2160,3840,3)
328 100 (2160,3840,3)
329 100 (2160,3840,3)
330 100 (2160,3840,3)
331 100 (2160,3840,3)
332 100 (2160,3840,3)
333 100 (2160,3840,3)
334 100 (2160,3840,3)
335 100 (2160,3840,3)
336 100 (2160,3840,3)
337 100 (2160,3840,3)
338 100 (2160,3840,3)
339 100 (2160,3840,3)
340 100 (2160,3840,3)
341 100 (2160,3840,3)
342 100 (2160,3840,3)
343 100 (2160,3840,3)
344 100 (2160,3840,3)
345 100 (2160,3840,3)
346 100 (2160,3840,3)
347 100 (2160,3840,3)
348 100 (2160,3840,3)
349 100 (2160,3840,3)
350 100 (2160,3840,3)
351 100 (2160,3840,3)
352 100 (2160,3840,3)
353 100 (2160,3840,3)
354 100 (2160,3840,3)
355 100 (2160,3840,3)
356 100 (2160,3840,3)
357 100 (2160,3840,3)
358 100 (2160,3840,3)
359 100 (2160,3840,3)
360 100 (2160,3840,3)
361 100 (2160,3840,3)
362 100 (2160,3840,3)
363 100 (2160,3840,3)
364 100 (2160,3840,3)
365 100 (2160,3840,3)
366 100 (2160,3840,3)
367 100 (2160,3840,3)
368 100 (2160,3840,3)
369 100 (2160,3840,3)
370 100 (2160,3840,3)
371 100 (2160,3840,3)
372 100 (2160,3840,3)
373 100 (2160,3840,3)
374 100 (2160,3840,3)
375 100 (2160,3840,3)
376 100 (2160,3840,3)
377 100 (2160,3840,3)
378 100 (2160,3840,3)
379 100 (2160,3840,3)
380 100 (2160,3840,3)
381 100 (2160,3840,3)
382 100 (2160,3840,3)
383 100 (2160,3840,3)
384 100 (2160,3840,3)
385 100 (2160,3840,3)
386 100 (2160,3840,3)
387 100 (2160,3840,3)
388 100 (2160,3840,3)
389 100 (2160,3840,3)
390 100 (2160,3840,3)
391 100 (2160,3840,3)
392 100 (2160,3840,3)
393 100 (2160,3840,3)
394 100 (2160,3840,3)
395 100 (2160,3840,3)
396 100 (2160,3840,3)
397 100 (2160,3840,3)
398 100 (2160,3840,3)
399 100 (2160,3840,3)
400 100 (2160,3840,3)
401 100 (2160,3840,3)
402 100 (2160,3840,3)
403 100 (2160,3840,3)
404 100 (2160,3840,3)
405 100 (2160,3840,3)
406 100 (2160,3840,3)
407 100 (2160,3840,3)
408 100 (2160,3840,3)
409 100 (2160,3840,3)
410 100 (2160,3840,3)
411 100 (2160,3840,3)
412 100 (2160,3840,3)
413 100 (2160,3840,3)
414 100 (2160,3840,3)
415 100 (2160,3840,3)
416 100 (2160,3840,3)
417 100 (2160,3840,3)
418 100 (2160,3840,3)
419 100 (2160,3840,3)
420 100 (2160,3840,3)
421 100 (2160,3840,3)
422 100 (2160,3840,3)
423 100 (2160,3840,3)
424 100 (2160,3840,3)
425 100 (2160,3840,3)
426 100 (2160,3840,3)
427 100 (2160,3840,3)
428 100 (2160,3840,3)
429 100 (2160,3840,3)
430 100 (2160,3840,3)
431 100 (2160,3840,3)
432 100 (2160,3840,3)
433 100 (2160,3840,3)
434 100 (2160,3840,3)
435 100 (2160,3840,3)
436 100 (2160,3840,3)
437 100 (2160,3840,3)
438 100 (2160,3840,3)
439 100 (2160,3840,3)
440 100 (2160,3840,3)
441 100 (2160,3840,3)
442 100 (2160,3840,3)
443 100 (2160,3840,3)
444 100 (2160,3840,3)
445 100 (2160,3840,3)
446 100 (2160,3840,3)
447 100 (2160,3840,3)
448 100 (2160,3840,3)
449 100 (2160,3840,3)
450 100 (2160,3840,3)
451 100 (2160,3840,3)
452 100 (2160,3840,3)
453 100 (2160,3840,3)
454 100 (2160,3840,3)
455 100 (2160,3840,3)
456 100 (2160,3840,3)
457 100 (2160,3840,3)
458 100 (2160,3840,3)
459 100 (2160,3840,3)
460 100 (2160,3840,3)
461 100 (2160,3840,3)
462 100 (2160,3840,3)
463 100 (2160,3840,3)
464 100 (2160,3840,3)
465 100 (2160,3840,3)
466 100 (2160,3840,3)
467 100 (2160,3840,3)
468 100 (2160,3840,3)
469 100 (2160,3840,3)
470 100 (2160,3840,3)
471 100 (2160,3840,3)
472 100 (2160,3840,3)
473 100 (2160,3840,3)
474 100 (2160,3840,3)
475 100 (2160,3840,3)
476 100 (2160,3840,3)
477 100 (2160,3840,3)
478 100 (2160,3840,3)
479 100 (2160,3840,3)
480 100 (2160,3840,3)
481 100 (2160,3840,3)
482 100 (2160,3840,3)
483 100 (2160,3840,3)
484 100 (2160,3840,3)
485 100 (2160,3840,3)
486 100 (2160,3840,3)
487 100 (2160,3840,3)
488 100 (2160,3840,3)
489 100 (2160,3840,3)
490 100 (2160,3840,3)
491 100 (2160,3840,3)
492 100 (2160,3840,3)
493 100 (2160,3840,3)
494 100 (2160,3840,3)
495 100 (2160,3840,3)
496 100 (2160,3840,3)
497 100 (2160,3840,3)
498 100 (2160,3840,3)
499 100 (2160,3840,3)
500 100 (2160,3840,3)
501 100 (2160,3840,3)
502 100 (2160,3840,3)
503 100 (2160,3840,3)
504 100 (2160,3840,3)
505 100 (2160,3840,3)
506 100 (2160,3840,3)
507 100 (2160,3840,3)
508 100 (2160,3840,3)
509 100 (2160,3840,3)
510 100 (2160,3840,3)
511 100 (2160,3840,3)
512 100 (2160,3840,3)
513 100 (2160,3840,3)
514 100 (2160,3840,3)
515 100 (2160,3840,3)
516 100 (2160,3840,3)
517 100 (2160,3840,3)
518 100 (2160,3840,3)
519 100 (2160,3840,3)
520 100 (2160,3840,3)
521 100 (2160,3840,3)
522 100 (2160,3840,3)
523 100 (2160,3840,3)
524 100 (2160,3840,3)
525 100 (2160,3840,3)
526 100 (2160,3840,3)
527 100 (2160,3840,3)
528 100 (2160,3840,3)
529 100 (2160,3840,3)
530 100 (2160,3840,3)
531 100 (2160,3840,3)
532 100 (2160,3840,3)
533 100 (2160,3840,3)
534 100 (2160,3840,3)
535 100 (2160,3840,3)
536 100 (2160,3840,3)
537 100 (2160,3840,3)
538 100 (2160,3840,3)
539 100 (2160,3840,3)
540 100 (2160,3840,3)
541 100 (2160,3840,3)
542 100 (2160,3840,3)
543 100 (2160,3840,3)
544 100 (2160,3840,3)
545 100 (2160,3840,3)
546 100 (2160,3840,3)
547 100 (2160,3840,3)
548 100 (2160,3840,3)
549 100 (2160,3840,3)
550 100 (2160,3840,3)
551 100 (2160,3840,3)
552 100 (2160,3840,3)
553 100 (2160,3840,3)
554 100 (2160,3840,3)
555 100 (2160,3840,3)
556 100 (2160,3840,3)
557 100 (2160,3840,3)
558 100 (2160,3840,3)
559 100 (2160,3840,3)
560 100 (2160,3840,3)
561 100 (2160,3840,3)
562 100 (2160,3840,3)
563 100 (2160,3840,3)
564 100 (2160,3840,3)
565 100 (2160,3840,3)
566 100 (2160,3840,3)
567 100 (2160,3840,3)
568 100 (2160,3840,3)
569 100 (2160,3840,3)
570 100 (2160,3840,3)
571 100 (2160,3840,3)
572 100 (2160,3840,3)
573 100 (2160,3840,3)
574 100 (2160,3840,3)
575 100 (2160,3840,3)
576 100 (2160,3840,3)
577 100 (2160,3840,3)
578 100 (2160,3840,3)
579 100 (2160,3840,3)
580 100 (2160,3840,3)
581 100 (2160,3840,3)
582 100 (2160,3840,3)
583 100 (2160,3840,3)
584 100 (2160,3840,3)
585 100 (2160,3840,3)
586 100 (2160,3840,3)
587 100 (2160,3840,3)
588 100 (2160,3840,3)
589 100 (2160,3840,3)
590 100 (2160,3840,3)
591 100 (2160,3840,3)
592 100 (2160,3840,3)
593 100 (2160,3840,3)
594 100 (2160,3840,3)
595 100 (2160,3840,3)
596 100 (2160,3840,3)
597 100 (2160,3840,3)
598 100 (2160,3840,3)
599 100 (2160,3840,3)
600 100 (2160,3840,3)
601 100 (2160,3840,3)
602 100 (2160,3840,3)
603 100 (2160,3840,3)
604 100 (2160,3840,3)
605 100 (2160,3840,3)
606 100 (2160,3840,3)
607 100 (2160,3840,3)
608 100 (2160,3840,3)
609 100 (2160,3840,3)
610 100 (2160,3840,3)
611 100 (2160,3840,3)
612 100 (2160,3840,3)
613 100 (2160,3840,3)
614 100 (2160,3840,3)
615 100 (2160,3840,3)
616 100 (2160,3840,3)
617 100 (2160,3840,3)
618 100 (2160,3840,3)
619 100 (2160,3840,3)
620 100 (2160,3840,3)
621 100 (2160,3840,3)
622 100 (2160,3840,3)
623 100 (2160,3840,3)
624 100 (2160,3840,3)
625 100 (2160,3840,3)
626 100 (2160,3840,3)
627 100 (2160,3840,3)
628 100 (2160,3840,3)
629 100 (2160,3840,3)
630 100 (2160,3840,3)
631 100 (2160,3840,3)
632 100 (2160,3840,3)
633 100 (2160,3840,3)
634 100 (2160,3840,3)
635 100 (2160,3840,3)
636 100 (2160,3840,3)
637 100 (2160,3840,3)
638 100 (2160,3840,3)
639 100 (2160,3840,3)
640 100 (2160,3840,3)
641 100 (2160,3840,3)
642 100 (2160,3840,3)
643 100 (2160,3840,3)
644 100 (2160,3840,3)
645 100 (2160,3840,3)
646 100 (2160,3840,3)
647 100 (2160,3840,3)
648 100 (2160,3840,3)
649 100 (2160,3840,3)
650 100 (2160,3840,3)
651 100 (2160,3840,3)
652 100 (2160,3840,3)
653 100 (2160,3840,3)
654 100 (2160,3840,3)
655 100 (2160,3840,3)
656 100 (2160,3840,3)
657 100 (2160,3840,3)
658 100 (2160,3840,3)
659 100 (2160,3840,3)
660 100 (2160,3840,3)
661 100 (2160,3840,3)
662 100 (2160,3840,3)
663 100 (2160,3840,3)
664 100 (2160,3840,3)
665 100 (2160,3840,3)
666 100 (2160,3840,3)
667 100 (2160,3840,3)
668 100 (2160,3840,3)
669 100 (2160,3840,3)
670 100 (2160,3840,3)
671 100 (2160,3840,3)
672 100 (2160,3840,3)
673 100 (2160,3840,3)
674 100 (2160,3840,3)
675 100 (2160,3840,3)
676 100 (2160,3840,3)
677 100 (2160,3840,3)
678 100 (2160,3840,3)
679 100 (2160,3840,3)
680 100 (2160,3840,3)
681 100 (2160,3840,3)
682 100 (2160,3840,3)
683 100 (2160,3840,3)
684 100 (2160,3840,3)
685 100 (2160,3840,3)
686 100 (2160,3840,3)
687 100 (2160,3840,3)
688 100 (2160,3840,3)
689 100 (2160,3840,3)
690 100 (2160,3840,3)
691 100 (2160,3840,3)
692 100 (2160,3840,3)
693 100 (2160,3840,3)
694 100 (2160,3840,3)
695 100 (2160,3840,3)
696 100 (2160,3840,3)
697 100 (2160,3840,3)
698 100 (2160,3840,3)
699 100 (2160,3840,3)
