000 100 (1080,1920,3)
001 100 (1080,1920,3)
002 100 (1080,1920,3)
003 100 (1080,1920,3)
004 100 (1080,1920,3)
005 100 (1080,1920,3)
006 100 (1080,1920,3)
007 100 (1080,1920,3)
008 100 (1080,1920,3)
009 100 (1080,1920,3)
010 100 (1080,1920,3)
011 100 (1080,1920,3)
012 100 (1080,1920,3)
013 100 (1080,1920,3)
014 100 (1080,1920,3)
015 100 (1080,1920,3)
016 100 (1080,1920,3)
017 100 (1080,1920,3)
018 100 (1080,1920,3)
019 100 (1080,1920,3)
020 100 (1080,1920,3)
021 100 (1080,1920,3)
022 100 (1080,1920,3)
023 100 (1080,1920,3)
024 100 (1080,1920,3)
025 100 (1080,1920,3)
026 100 (1080,1920,3)
027 100 (1080,1920,3)
028 100 (1080,1920,3)
029 100 (1080,1920,3)
030 100 (1080,1920,3)
031 100 (1080,1920,3)
032 100 (1080,1920,3)
033 100 (1080,1920,3)
034 100 (1080,1920,3)
035 100 (1080,1920,3)
036 100 (1080,1920,3)
037 100 (1080,1920,3)
038 100 (1080,1920,3)
039 100 (1080,1920,3)
040 100 (1080,1920,3)
041 100 (1080,1920,3)
042 100 (1080,1920,3)
043 100 (1080,1920,3)
044 100 (1080,1920,3)
045 100 (1080,1920,3)
046 100 (1080,1920,3)
047 100 (1080,1920,3)
048 100 (1080,1920,3)
049 100 (1080,1920,3)
050 100 (1080,1920,3)
051 100 (1080,1920,3)
052 100 (1080,1920,3)
053 100 (1080,1920,3)
054 100 (1080,1920,3)
055 100 (1080,1920,3)
056 100 (1080,1920,3)
057 100 (1080,1920,3)
058 100 (1080,1920,3)
059 100 (1080,1920,3)
060 100 (1080,1920,3)
061 100 (1080,1920,3)
062 100 (1080,1920,3)
063 100 (1080,1920,3)
064 100 (1080,1920,3)
065 100 (1080,1920,3)
066 100 (1080,1920,3)
067 100 (1080,1920,3)
068 100 (1080,1920,3)
069 100 (1080,1920,3)
070 100 (1080,1920,3)
071 100 (1080,1920,3)
072 100 (1080,1920,3)
073 100 (1080,1920,3)
074 100 (1080,1920,3)
075 100 (1080,1920,3)
076 100 (1080,1920,3)
077 100 (1080,1920,3)
078 100 (1080,1920,3)
079 100 (1080,1920,3)
080 100 (1080,1920,3)
081 100 (1080,1920,3)
082 100 (1080,1920,3)
083 100 (1080,1920,3)
084 100 (1080,1920,3)
085 100 (1080,1920,3)
086 100 (1080,1920,3)
087 100 (1080,1920,3)
088 100 (1080,1920,3)
089 100 (1080,1920,3)
090 100 (1080,1920,3)
091 100 (1080,1920,3)
092 100 (1080,1920,3)
093 100 (1080,1920,3)
094 100 (1080,1920,3)
095 100 (1080,1920,3)
096 100 (1080,1920,3)
097 100 (1080,1920,3)
098 100 (1080,1920,3)
099 100 (1080,1920,3)
100 100 (1080,1920,3)
101 100 (1080,1920,3)
102 100 (1080,1920,3)
103 100 (1080,1920,3)
104 100 (1080,1920,3)
105 100 (1080,1920,3)
106 100 (1080,1920,3)
107 100 (1080,1920,3)
108 100 (1080,1920,3)
109 100 (1080,1920,3)
110 100 (1080,1920,3)
111 100 (1080,1920,3)
112 100 (1080,1920,3)
113 100 (1080,1920,3)
114 100 (1080,1920,3)
115 100 (1080,1920,3)
116 100 (1080,1920,3)
117 100 (1080,1920,3)
118 100 (1080,1920,3)
119 100 (1080,1920,3)
120 100 (1080,1920,3)
121 100 (1080,1920,3)
122 100 (1080,1920,3)
123 100 (1080,1920,3)
124 100 (1080,1920,3)
125 100 (1080,1920,3)
126 100 (1080,1920,3)
127 100 (1080,1920,3)
128 100 (1080,1920,3)
129 100 (1080,1920,3)
130 100 (1080,1920,3)
131 100 (1080,1920,3)
132 100 (1080,1920,3)
133 100 (1080,1920,3)
134 100 (1080,1920,3)
135 100 (1080,1920,3)
136 100 (1080,1920,3)
137 100 (1080,1920,3)
138 100 (1080,1920,3)
139 100 (1080,1920,3)
140 100 (1080,1920,3)
141 100 (1080,1920,3)
142 100 (1080,1920,3)
143 100 (1080,1920,3)
144 100 (1080,1920,3)
145 100 (1080,1920,3)
146 100 (1080,1920,3)
147 100 (1080,1920,3)
148 100 (1080,1920,3)
149 100 (1080,1920,3)
150 100 (1080,1920,3)
151 100 (1080,1920,3)
152 100 (1080,1920,3)
153 100 (1080,1920,3)
154 100 (1080,1920,3)
155 100 (1080,1920,3)
156 100 (1080,1920,3)
157 100 (1080,1920,3)
158 100 (1080,1920,3)
159 100 (1080,1920,3)
160 100 (1080,1920,3)
161 100 (1080,1920,3)
162 100 (1080,1920,3)
163 100 (1080,1920,3)
164 100 (1080,1920,3)
165 100 (1080,1920,3)
166 100 (1080,1920,3)
167 100 (1080,1920,3)
168 100 (1080,1920,3)
169 100 (1080,1920,3)
170 100 (1080,1920,3)
171 100 (1080,1920,3)
172 100 (1080,1920,3)
173 100 (1080,1920,3)
174 100 (1080,1920,3)
175 100 (1080,1920,3)
176 100 (1080,1920,3)
177 100 (1080,1920,3)
178 100 (1080,1920,3)
179 100 (1080,1920,3)
180 100 (1080,1920,3)
181 100 (1080,1920,3)
182 100 (1080,1920,3)
183 100 (1080,1920,3)
184 100 (1080,1920,3)
185 100 (1080,1920,3)
186 100 (1080,1920,3)
187 100 (1080,1920,3)
188 100 (1080,1920,3)
189 100 (1080,1920,3)
190 100 (1080,1920,3)
191 100 (1080,1920,3)
192 100 (1080,1920,3)
193 100 (1080,1920,3)
194 100 (1080,1920,3)
195 100 (1080,1920,3)
196 100 (1080,1920,3)
197 100 (1080,1920,3)
198 100 (1080,1920,3)
199 100 (1080,1920,3)
200 100 (1080,1920,3)
201 100 (1080,1920,3)
202 100 (1080,1920,3)
203 100 (1080,1920,3)
204 100 (1080,1920,3)
205 100 (1080,1920,3)
206 100 (1080,1920,3)
207 100 (1080,1920,3)
208 100 (1080,1920,3)
209 100 (1080,1920,3)
210 100 (1080,1920,3)
211 100 (1080,1920,3)
212 100 (1080,1920,3)
213 100 (1080,1920,3)
214 100 (1080,1920,3)
215 100 (1080,1920,3)
216 100 (1080,1920,3)
217 100 (1080,1920,3)
218 100 (1080,1920,3)
219 100 (1080,1920,3)
220 100 (1080,1920,3)
221 100 (1080,1920,3)
222 100 (1080,1920,3)
223 100 (1080,1920,3)
224 100 (1080,1920,3)
225 100 (1080,1920,3)
226 100 (1080,1920,3)
227 100 (1080,1920,3)
228 100 (1080,1920,3)
229 100 (1080,1920,3)
230 100 (1080,1920,3)
231 100 (1080,1920,3)
232 100 (1080,1920,3)
233 100 (1080,1920,3)
234 100 (1080,1920,3)
235 100 (1080,1920,3)
236 100 (1080,1920,3)
237 100 (1080,1920,3)
238 100 (1080,1920,3)
239 100 (1080,1920,3)
240 100 (1080,1920,3)
241 100 (1080,1920,3)
242 100 (1080,1920,3)
243 100 (1080,1920,3)
244 100 (1080,1920,3)
245 100 (1080,1920,3)
246 100 (1080,1920,3)
247 100 (1080,1920,3)
248 100 (1080,1920,3)
249 100 (1080,1920,3)
250 100 (1080,1920,3)
251 100 (1080,1920,3)
252 100 (1080,1920,3)
253 100 (1080,1920,3)
254 100 (1080,1920,3)
255 100 (1080,1920,3)
256 100 (1080,1920,3)
257 100 (1080,1920,3)
258 100 (1080,1920,3)
259 100 (1080,1920,3)
260 100 (1080,1920,3)
261 100 (1080,1920,3)
262 100 (1080,1920,3)
263 100 (1080,1920,3)
264 100 (1080,1920,3)
265 100 (1080,1920,3)
266 100 (1080,1920,3)
267 100 (1080,1920,3)
268 100 (1080,1920,3)
269 100 (1080,1920,3)
270 100 (1080,1920,3)
271 100 (1080,1920,3)
272 100 (1080,1920,3)
273 100 (1080,1920,3)
274 100 (1080,1920,3)
275 100 (1080,1920,3)
276 100 (1080,1920,3)
277 100 (1080,1920,3)
278 100 (1080,1920,3)
279 100 (1080,1920,3)
280 100 (1080,1920,3)
281 100 (1080,1920,3)
282 100 (1080,1920,3)
283 100 (1080,1920,3)
284 100 (1080,1920,3)
285 100 (1080,1920,3)
286 100 (1080,1920,3)
287 100 (1080,1920,3)
288 100 (1080,1920,3)
289 100 (1080,1920,3)
290 100 (1080,1920,3)
291 100 (1080,1920,3)
292 100 (1080,1920,3)
293 100 (1080,1920,3)
294 100 (1080,1920,3)
295 100 (1080,1920,3)
296 100 (1080,1920,3)
297 100 (1080,1920,3)
298 100 (1080,1920,3)
299 100 (1080,1920,3)
300 100 (1080,1920,3)
301 100 (1080,1920,3)
302 100 (1080,1920,3)
303 100 (1080,1920,3)
304 100 (1080,1920,3)
305 100 (1080,1920,3)
306 100 (1080,1920,3)
307 100 (1080,1920,3)
308 100 (1080,1920,3)
309 100 (1080,1920,3)
310 100 (1080,1920,3)
311 100 (1080,1920,3)
312 100 (1080,1920,3)
313 100 (1080,1920,3)
314 100 (1080,1920,3)
315 100 (1080,1920,3)
316 100 (1080,1920,3)
317 100 (1080,1920,3)
318 100 (1080,1920,3)
319 100 (1080,1920,3)
320 100 (1080,1920,3)
321 100 (1080,1920,3)
322 100 (1080,1920,3)
323 100 (1080,1920,3)
324 100 (1080,1920,3)
325 100 (1080,1920,3)
326 100 (1080,1920,3)
327 100 (1080,1920,3)
328 100 (1080,1920,3)
329 100 (1080,1920,3)
330 100 (1080,1920,3)
331 100 (1080,1920,3)
332 100 (1080,1920,3)
333 100 (1080,1920,3)
334 100 (1080,1920,3)
335 100 (1080,1920,3)
336 100 (1080,1920,3)
337 100 (1080,1920,3)
338 100 (1080,1920,3)
339 100 (1080,1920,3)
340 100 (1080,1920,3)
341 100 (1080,1920,3)
342 100 (1080,1920,3)
343 100 (1080,1920,3)
344 100 (1080,1920,3)
345 100 (1080,1920,3)
346 100 (1080,1920,3)
347 100 (1080,1920,3)
348 100 (1080,1920,3)
349 100 (1080,1920,3)
350 100 (1080,1920,3)
351 100 (1080,1920,3)
352 100 (1080,1920,3)
353 100 (1080,1920,3)
354 100 (1080,1920,3)
355 100 (1080,1920,3)
356 100 (1080,1920,3)
357 100 (1080,1920,3)
358 100 (1080,1920,3)
359 100 (1080,1920,3)
360 100 (1080,1920,3)
361 100 (1080,1920,3)
362 100 (1080,1920,3)
363 100 (1080,1920,3)
364 100 (1080,1920,3)
365 100 (1080,1920,3)
366 100 (1080,1920,3)
367 100 (1080,1920,3)
368 100 (1080,1920,3)
369 100 (1080,1920,3)
370 100 (1080,1920,3)
371 100 (1080,1920,3)
372 100 (1080,1920,3)
373 100 (1080,1920,3)
374 100 (1080,1920,3)
375 100 (1080,1920,3)
376 100 (1080,1920,3)
377 100 (1080,1920,3)
378 100 (1080,1920,3)
379 100 (1080,1920,3)
380 100 (1080,1920,3)
381 100 (1080,1920,3)
382 100 (1080,1920,3)
383 100 (1080,1920,3)
384 100 (1080,1920,3)
385 100 (1080,1920,3)
386 100 (1080,1920,3)
387 100 (1080,1920,3)
388 100 (1080,1920,3)
389 100 (1080,1920,3)
390 100 (1080,1920,3)
391 100 (1080,1920,3)
392 100 (1080,1920,3)
393 100 (1080,1920,3)
394 100 (1080,1920,3)
395 100 (1080,1920,3)
396 100 (1080,1920,3)
397 100 (1080,1920,3)
398 100 (1080,1920,3)
399 100 (1080,1920,3)
400 100 (1080,1920,3)
401 100 (1080,1920,3)
402 100 (1080,1920,3)
403 100 (1080,1920,3)
404 100 (1080,1920,3)
405 100 (1080,1920,3)
406 100 (1080,1920,3)
407 100 (1080,1920,3)
408 100 (1080,1920,3)
409 100 (1080,1920,3)
410 100 (1080,1920,3)
411 100 (1080,1920,3)
412 100 (1080,1920,3)
413 100 (1080,1920,3)
414 100 (1080,1920,3)
415 100 (1080,1920,3)
416 100 (1080,1920,3)
417 100 (1080,1920,3)
418 100 (1080,1920,3)
419 100 (1080,1920,3)
420 100 (1080,1920,3)
421 100 (1080,1920,3)
422 100 (1080,1920,3)
423 100 (1080,1920,3)
424 100 (1080,1920,3)
425 100 (1080,1920,3)
426 100 (1080,1920,3)
427 100 (1080,1920,3)
428 100 (1080,1920,3)
429 100 (1080,1920,3)
430 100 (1080,1920,3)
431 100 (1080,1920,3)
432 100 (1080,1920,3)
433 100 (1080,1920,3)
434 100 (1080,1920,3)
435 100 (1080,1920,3)
436 100 (1080,1920,3)
437 100 (1080,1920,3)
438 100 (1080,1920,3)
439 100 (1080,1920,3)
440 100 (1080,1920,3)
441 100 (1080,1920,3)
442 100 (1080,1920,3)
443 100 (1080,1920,3)
444 100 (1080,1920,3)
445 100 (1080,1920,3)
446 100 (1080,1920,3)
447 100 (1080,1920,3)
448 100 (1080,1920,3)
449 100 (1080,1920,3)
450 100 (1080,1920,3)
451 100 (1080,1920,3)
452 100 (1080,1920,3)
453 100 (1080,1920,3)
454 100 (1080,1920,3)
455 100 (1080,1920,3)
456 100 (1080,1920,3)
457 100 (1080,1920,3)
458 100 (1080,1920,3)
459 100 (1080,1920,3)
460 100 (1080,1920,3)
461 100 (1080,1920,3)
462 100 (1080,1920,3)
463 100 (1080,1920,3)
464 100 (1080,1920,3)
465 100 (1080,1920,3)
466 100 (1080,1920,3)
467 100 (1080,1920,3)
468 100 (1080,1920,3)
469 100 (1080,1920,3)
470 100 (1080,1920,3)
471 100 (1080,1920,3)
472 100 (1080,1920,3)
473 100 (1080,1920,3)
474 100 (1080,1920,3)
475 100 (1080,1920,3)
476 100 (1080,1920,3)
477 100 (1080,1920,3)
478 100 (1080,1920,3)
479 100 (1080,1920,3)
480 100 (1080,1920,3)
481 100 (1080,1920,3)
482 100 (1080,1920,3)
483 100 (1080,1920,3)
484 100 (1080,1920,3)
485 100 (1080,1920,3)
486 100 (1080,1920,3)
487 100 (1080,1920,3)
488 100 (1080,1920,3)
489 100 (1080,1920,3)
490 100 (1080,1920,3)
491 100 (1080,1920,3)
492 100 (1080,1920,3)
493 100 (1080,1920,3)
494 100 (1080,1920,3)
495 100 (1080,1920,3)
496 100 (1080,1920,3)
497 100 (1080,1920,3)
498 100 (1080,1920,3)
499 100 (1080,1920,3)
500 100 (1080,1920,3)
501 100 (1080,1920,3)
502 100 (1080,1920,3)
503 100 (1080,1920,3)
504 100 (1080,1920,3)
505 100 (1080,1920,3)
506 100 (1080,1920,3)
507 100 (1080,1920,3)
508 100 (1080,1920,3)
509 100 (1080,1920,3)
510 100 (1080,1920,3)
511 100 (1080,1920,3)
512 100 (1080,1920,3)
513 100 (1080,1920,3)
514 100 (1080,1920,3)
515 100 (1080,1920,3)
516 100 (1080,1920,3)
517 100 (1080,1920,3)
518 100 (1080,1920,3)
519 100 (1080,1920,3)
520 100 (1080,1920,3)
521 100 (1080,1920,3)
522 100 (1080,1920,3)
523 100 (1080,1920,3)
524 100 (1080,1920,3)
525 100 (1080,1920,3)
526 100 (1080,1920,3)
527 100 (1080,1920,3)
528 100 (1080,1920,3)
529 100 (1080,1920,3)
530 100 (1080,1920,3)
531 100 (1080,1920,3)
532 100 (1080,1920,3)
533 100 (1080,1920,3)
534 100 (1080,1920,3)
535 100 (1080,1920,3)
536 100 (1080,1920,3)
537 100 (1080,1920,3)
538 100 (1080,1920,3)
539 100 (1080,1920,3)
540 100 (1080,1920,3)
541 100 (1080,1920,3)
542 100 (1080,1920,3)
543 100 (1080,1920,3)
544 100 (1080,1920,3)
545 100 (1080,1920,3)
546 100 (1080,1920,3)
547 100 (1080,1920,3)
548 100 (1080,1920,3)
549 100 (1080,1920,3)
550 100 (1080,1920,3)
551 100 (1080,1920,3)
552 100 (1080,1920,3)
553 100 (1080,1920,3)
554 100 (1080,1920,3)
555 100 (1080,1920,3)
556 100 (1080,1920,3)
557 100 (1080,1920,3)
558 100 (1080,1920,3)
559 100 (1080,1920,3)
560 100 (1080,1920,3)
561 100 (1080,1920,3)
562 100 (1080,1920,3)
563 100 (1080,1920,3)
564 100 (1080,1920,3)
565 100 (1080,1920,3)
566 100 (1080,1920,3)
567 100 (1080,1920,3)
568 100 (1080,1920,3)
569 100 (1080,1920,3)
570 100 (1080,1920,3)
571 100 (1080,1920,3)
572 100 (1080,1920,3)
573 100 (1080,1920,3)
574 100 (1080,1920,3)
575 100 (1080,1920,3)
576 100 (1080,1920,3)
577 100 (1080,1920,3)
578 100 (1080,1920,3)
579 100 (1080,1920,3)
580 100 (1080,1920,3)
581 100 (1080,1920,3)
582 100 (1080,1920,3)
583 100 (1080,1920,3)
584 100 (1080,1920,3)
585 100 (1080,1920,3)
586 100 (1080,1920,3)
587 100 (1080,1920,3)
588 100 (1080,1920,3)
589 100 (1080,1920,3)
590 100 (1080,1920,3)
591 100 (1080,1920,3)
592 100 (1080,1920,3)
593 100 (1080,1920,3)
594 100 (1080,1920,3)
595 100 (1080,1920,3)
596 100 (1080,1920,3)
597 100 (1080,1920,3)
598 100 (1080,1920,3)
599 100 (1080,1920,3)
600 100 (1080,1920,3)
601 100 (1080,1920,3)
602 100 (1080,1920,3)
603 100 (1080,1920,3)
604 100 (1080,1920,3)
605 100 (1080,1920,3)
606 100 (1080,1920,3)
607 100 (1080,1920,3)
608 100 (1080,1920,3)
609 100 (1080,1920,3)
610 100 (1080,1920,3)
611 100 (1080,1920,3)
612 100 (1080,1920,3)
613 100 (1080,1920,3)
614 100 (1080,1920,3)
615 100 (1080,1920,3)
616 100 (1080,1920,3)
617 100 (1080,1920,3)
618 100 (1080,1920,3)
619 100 (1080,1920,3)
620 100 (1080,1920,3)
621 100 (1080,1920,3)
622 100 (1080,1920,3)
623 100 (1080,1920,3)
624 100 (1080,1920,3)
625 100 (1080,1920,3)
626 100 (1080,1920,3)
627 100 (1080,1920,3)
628 100 (1080,1920,3)
629 100 (1080,1920,3)
630 100 (1080,1920,3)
631 100 (1080,1920,3)
632 100 (1080,1920,3)
633 100 (1080,1920,3)
634 100 (1080,1920,3)
635 100 (1080,1920,3)
636 100 (1080,1920,3)
637 100 (1080,1920,3)
638 100 (1080,1920,3)
639 100 (1080,1920,3)
640 100 (1080,1920,3)
641 100 (1080,1920,3)
642 100 (1080,1920,3)
643 100 (1080,1920,3)
644 100 (1080,1920,3)
645 100 (1080,1920,3)
646 100 (1080,1920,3)
647 100 (1080,1920,3)
648 100 (1080,1920,3)
649 100 (1080,1920,3)
650 100 (1080,1920,3)
651 100 (1080,1920,3)
652 100 (1080,1920,3)
653 100 (1080,1920,3)
654 100 (1080,1920,3)
655 100 (1080,1920,3)
656 100 (1080,1920,3)
657 100 (1080,1920,3)
658 100 (1080,1920,3)
659 100 (1080,1920,3)
660 100 (1080,1920,3)
661 100 (1080,1920,3)
662 100 (1080,1920,3)
663 100 (1080,1920,3)
664 100 (1080,1920,3)
665 100 (1080,1920,3)
666 100 (1080,1920,3)
667 100 (1080,1920,3)
668 100 (1080,1920,3)
669 100 (1080,1920,3)
670 100 (1080,1920,3)
671 100 (1080,1920,3)
672 100 (1080,1920,3)
673 100 (1080,1920,3)
674 100 (1080,1920,3)
675 100 (1080,1920,3)
676 100 (1080,1920,3)
677 100 (1080,1920,3)
678 100 (1080,1920,3)
679 100 (1080,1920,3)
680 100 (1080,1920,3)
681 100 (1080,1920,3)
682 100 (1080,1920,3)
683 100 (1080,1920,3)
684 100 (1080,1920,3)
685 100 (1080,1920,3)
686 100 (1080,1920,3)
687 100 (1080,1920,3)
688 100 (1080,1920,3)
689 100 (1080,1920,3)
690 100 (1080,1920,3)
691 100 (1080,1920,3)
692 100 (1080,1920,3)
693 100 (1080,1920,3)
694 100 (1080,1920,3)
695 100 (1080,1920,3)
696 100 (1080,1920,3)
697 100 (1080,1920,3)
698 100 (1080,1920,3)
699 100 (1080,1920,3)
700 100 (1080,1920,3)
701 100 (1080,1920,3)
702 100 (1080,1920,3)
703 100 (1080,1920,3)
704 100 (1080,1920,3)
705 100 (1080,1920,3)
706 100 (1080,1920,3)
707 100 (1080,1920,3)
708 100 (1080,1920,3)
709 100 (1080,1920,3)
710 100 (1080,1920,3)
711 100 (1080,1920,3)
712 100 (1080,1920,3)
713 100 (1080,1920,3)
714 100 (1080,1920,3)
715 100 (1080,1920,3)
716 100 (1080,1920,3)
717 100 (1080,1920,3)
718 100 (1080,1920,3)
719 100 (1080,1920,3)
720 100 (1080,1920,3)
721 100 (1080,1920,3)
722 100 (1080,1920,3)
723 100 (1080,1920,3)
724 100 (1080,1920,3)
725 100 (1080,1920,3)
726 100 (1080,1920,3)
727 100 (1080,1920,3)
728 100 (1080,1920,3)
729 100 (1080,1920,3)
730 100 (1080,1920,3)
731 100 (1080,1920,3)
732 100 (1080,1920,3)
733 100 (1080,1920,3)
734 100 (1080,1920,3)
735 100 (1080,1920,3)
736 100 (1080,1920,3)
737 100 (1080,1920,3)
738 100 (1080,1920,3)
739 100 (1080,1920,3)
740 100 (1080,1920,3)
741 100 (1080,1920,3)
742 100 (1080,1920,3)
743 100 (1080,1920,3)
744 100 (1080,1920,3)
745 100 (1080,1920,3)
746 100 (1080,1920,3)
747 100 (1080,1920,3)
748 100 (1080,1920,3)
749 100 (1080,1920,3)
750 100 (1080,1920,3)
751 100 (1080,1920,3)
752 100 (1080,1920,3)
753 100 (1080,1920,3)
754 100 (1080,1920,3)
755 100 (1080,1920,3)
756 100 (1080,1920,3)
757 100 (1080,1920,3)
758 100 (1080,1920,3)
759 100 (1080,1920,3)
760 100 (1080,1920,3)
761 100 (1080,1920,3)
762 100 (1080,1920,3)
763 100 (1080,1920,3)
764 100 (1080,1920,3)
765 100 (1080,1920,3)
766 100 (1080,1920,3)
767 100 (1080,1920,3)
768 100 (1080,1920,3)
769 100 (1080,1920,3)
770 100 (1080,1920,3)
771 100 (1080,1920,3)
772 100 (1080,1920,3)
773 100 (1080,1920,3)
774 100 (1080,1920,3)
775 100 (1080,1920,3)
776 100 (1080,1920,3)
777 100 (1080,1920,3)
778 100 (1080,1920,3)
779 100 (1080,1920,3)
780 100 (1080,1920,3)
781 100 (1080,1920,3)
782 100 (1080,1920,3)
783 100 (1080,1920,3)
784 100 (1080,1920,3)
785 100 (1080,1920,3)
786 100 (1080,1920,3)
787 100 (1080,1920,3)
788 100 (1080,1920,3)
789 100 (1080,1920,3)
790 100 (1080,1920,3)
791 100 (1080,1920,3)
792 100 (1080,1920,3)
793 100 (1080,1920,3)
794 100 (1080,1920,3)
795 100 (1080,1920,3)
796 100 (1080,1920,3)
797 100 (1080,1920,3)
798 100 (1080,1920,3)
799 100 (1080,1920,3)
800 100 (1080,1920,3)
801 100 (1080,1920,3)
802 100 (1080,1920,3)
803 100 (1080,1920,3)
804 100 (1080,1920,3)
805 100 (1080,1920,3)
806 100 (1080,1920,3)
807 100 (1080,1920,3)
808 100 (1080,1920,3)
809 100 (1080,1920,3)
810 100 (1080,1920,3)
811 100 (1080,1920,3)
812 100 (1080,1920,3)
813 100 (1080,1920,3)
814 100 (1080,1920,3)
815 100 (1080,1920,3)
816 100 (1080,1920,3)
817 100 (1080,1920,3)
818 100 (1080,1920,3)
819 100 (1080,1920,3)
820 100 (1080,1920,3)
821 100 (1080,1920,3)
822 100 (1080,1920,3)
823 100 (1080,1920,3)
824 100 (1080,1920,3)
825 100 (1080,1920,3)
826 100 (1080,1920,3)
827 100 (1080,1920,3)
828 100 (1080,1920,3)
829 100 (1080,1920,3)
830 100 (1080,1920,3)
831 100 (1080,1920,3)
832 100 (1080,1920,3)
833 100 (1080,1920,3)
834 100 (1080,1920,3)
835 100 (1080,1920,3)
836 100 (1080,1920,3)
837 100 (1080,1920,3)
838 100 (1080,1920,3)
839 100 (1080,1920,3)
840 100 (1080,1920,3)
841 100 (1080,1920,3)
842 100 (1080,1920,3)
843 100 (1080,1920,3)
844 100 (1080,1920,3)
845 100 (1080,1920,3)
846 100 (1080,1920,3)
847 100 (1080,1920,3)
848 100 (1080,1920,3)
849 100 (1080,1920,3)
850 100 (1080,1920,3)
851 100 (1080,1920,3)
852 100 (1080,1920,3)
853 100 (1080,1920,3)
854 100 (1080,1920,3)
855 100 (1080,1920,3)
856 100 (1080,1920,3)
857 100 (1080,1920,3)
858 100 (1080,1920,3)
859 100 (1080,1920,3)
860 100 (1080,1920,3)
861 100 (1080,1920,3)
862 100 (1080,1920,3)
863 100 (1080,1920,3)
864 100 (1080,1920,3)
865 100 (1080,1920,3)
866 100 (1080,1920,3)
867 100 (1080,1920,3)
868 100 (1080,1920,3)
869 100 (1080,1920,3)
870 100 (1080,1920,3)
871 100 (1080,1920,3)
872 100 (1080,1920,3)
873 100 (1080,1920,3)
874 100 (1080,1920,3)
875 100 (1080,1920,3)
876 100 (1080,1920,3)
877 100 (1080,1920,3)
878 100 (1080,1920,3)
879 100 (1080,1920,3)
880 100 (1080,1920,3)
881 100 (1080,1920,3)
882 100 (1080,1920,3)
883 100 (1080,1920,3)
884 100 (1080,1920,3)
885 100 (1080,1920,3)
886 100 (1080,1920,3)
887 100 (1080,1920,3)
888 100 (1080,1920,3)
889 100 (1080,1920,3)
890 100 (1080,1920,3)
891 100 (1080,1920,3)
892 100 (1080,1920,3)
893 100 (1080,1920,3)
894 100 (1080,1920,3)
895 100 (1080,1920,3)
896 100 (1080,1920,3)
897 100 (1080,1920,3)
898 100 (1080,1920,3)
899 100 (1080,1920,3)
900 100 (1080,1920,3)
901 100 (1080,1920,3)
902 100 (1080,1920,3)
903 100 (1080,1920,3)
904 100 (1080,1920,3)
905 100 (1080,1920,3)
906 100 (1080,1920,3)
907 100 (1080,1920,3)
908 100 (1080,1920,3)
909 100 (1080,1920,3)
910 100 (1080,1920,3)
911 100 (1080,1920,3)
912 100 (1080,1920,3)
913 100 (1080,1920,3)
914 100 (1080,1920,3)
915 100 (1080,1920,3)
916 100 (1080,1920,3)
917 100 (1080,1920,3)
918 100 (1080,1920,3)
919 100 (1080,1920,3)
920 100 (1080,1920,3)
921 100 (1080,1920,3)
922 100 (1080,1920,3)
923 100 (1080,1920,3)
924 100 (1080,1920,3)
925 100 (1080,1920,3)
926 100 (1080,1920,3)
927 100 (1080,1920,3)
928 100 (1080,1920,3)
929 100 (1080,1920,3)
930 100 (1080,1920,3)
931 100 (1080,1920,3)
932 100 (1080,1920,3)
933 100 (1080,1920,3)
934 100 (1080,1920,3)
935 100 (1080,1920,3)
936 100 (1080,1920,3)
937 100 (1080,1920,3)
938 100 (1080,1920,3)
939 100 (1080,1920,3)
940 100 (1080,1920,3)
941 100 (1080,1920,3)
942 100 (1080,1920,3)
943 100 (1080,1920,3)
944 100 (1080,1920,3)
945 100 (1080,1920,3)
946 100 (1080,1920,3)
947 100 (1080,1920,3)
948 100 (1080,1920,3)
949 100 (1080,1920,3)
950 100 (1080,1920,3)
951 100 (1080,1920,3)
952 100 (1080,1920,3)
953 100 (1080,1920,3)
954 100 (1080,1920,3)
955 100 (1080,1920,3)
956 100 (1080,1920,3)
957 100 (1080,1920,3)
958 100 (1080,1920,3)
959 100 (1080,1920,3)
960 100 (1080,1920,3)
961 100 (1080,1920,3)
962 100 (1080,1920,3)
963 100 (1080,1920,3)
964 100 (1080,1920,3)
965 100 (1080,1920,3)
966 100 (1080,1920,3)
967 100 (1080,1920,3)
968 100 (1080,1920,3)
969 100 (1080,1920,3)
970 100 (1080,1920,3)
971 100 (1080,1920,3)
972 100 (1080,1920,3)
973 100 (1080,1920,3)
974 100 (1080,1920,3)
975 100 (1080,1920,3)
976 100 (1080,1920,3)
977 100 (1080,1920,3)
978 100 (1080,1920,3)
979 100 (1080,1920,3)
980 100 (1080,1920,3)
981 100 (1080,1920,3)
982 100 (1080,1920,3)
983 100 (1080,1920,3)
984 100 (1080,1920,3)
985 100 (1080,1920,3)
986 100 (1080,1920,3)
987 100 (1080,1920,3)
988 100 (1080,1920,3)
989 100 (1080,1920,3)
990 100 (1080,1920,3)
991 100 (1080,1920,3)
992 100 (1080,1920,3)
993 100 (1080,1920,3)
994 100 (1080,1920,3)
995 100 (1080,1920,3)
996 100 (1080,1920,3)
997 100 (1080,1920,3)
998 100 (1080,1920,3)
999 100 (1080,1920,3)
